Test accuracy: 0.9507

              precision    recall  f1-score   support

           а      0.981     0.975     0.978       160
           А      0.936     0.970     0.953       167
           б      0.987     0.968     0.977       154
           Б      0.963     0.934     0.948       167
           в      0.981     0.951     0.966       162
           В      0.970     0.964     0.967       169
           г      0.957     0.969     0.963       160
           Г      0.982     0.952     0.967       168
           д      0.981     0.946     0.963       167
           Д      0.941     0.952     0.947       168
           ђ      0.981     0.987     0.984       159
           Ђ      0.947     0.964     0.956       168
           е      0.894     0.952     0.922       168
           Е      0.976     0.976     0.976       169
           ж      0.981     0.945     0.963       164
           Ж      0.947     0.959     0.953       169
           з      0.994     0.916     0.953       167
           З      0.938     0.982     0.960       169
           и      0.922     0.917     0.919       168
           И      0.894     0.958     0.925       168
           ј      0.912     0.929     0.920       168
           Ј      0.953     0.976     0.964       167
           к      0.974     0.902     0.937       164
           К      0.927     0.976     0.951       168
           л      0.981     0.927     0.953       165
           Л      0.947     0.953     0.950       169
           љ      0.957     0.929     0.943       168
           Љ      0.953     0.958     0.955       168
           м      0.962     0.898     0.929       167
           М      0.981     0.935     0.958       170
           н      0.963     0.923     0.942       168
           Н      0.942     0.964     0.953       168
           њ      0.955     0.898     0.925       166
           Њ      0.925     0.964     0.944       167
           о      0.950     0.915     0.932       165
           О      0.900     0.970     0.934       167
           п      0.923     0.939     0.931       165
           П      0.934     0.918     0.926       170
           р      0.933     0.922     0.927       166
           Р      0.964     0.953     0.958       169
           с      0.900     0.927     0.913       165
           С      0.964     0.958     0.961       166
           т      0.968     0.910     0.938       166
           Т      0.936     0.970     0.953       166
           ћ      0.902     0.963     0.932       163
           Ћ      0.975     0.957     0.966       164
           у      0.912     0.975     0.943       160
           У      0.981     0.951     0.966       162
           ф      0.889     0.921     0.905       165
           Ф      0.974     0.968     0.971       156
           х      0.968     0.926     0.946       162
           Х      0.975     0.994     0.984       155
           ц      0.913     0.963     0.938       164
           Ц      0.981     0.963     0.972       160
           ч      0.892     0.963     0.926       163
           Ч      0.967     0.937     0.952       158
           џ      0.994     0.987     0.990       158
           Џ      0.957     0.957     0.957       163
           ш      1.000     0.981     0.991       161
           Ш      0.970     0.994     0.981       160

    accuracy                          0.951      9893
   macro avg      0.952     0.951     0.951      9893
weighted avg      0.952     0.951     0.951      9893
