Test accuracy: 0.7361

              precision    recall  f1-score   support

           а      1.000     0.931     0.964       160
           А      0.993     0.874     0.930       167
           б      1.000     0.922     0.959       154
           Б      0.835     0.425     0.563       167
           в      0.911     0.821     0.864       162
           В      0.951     0.462     0.622       169
           г      0.725     0.756     0.740       160
           Г      0.069     0.375     0.117       168
           д      0.986     0.437     0.606       167
           Д      0.682     0.869     0.764       168
           ђ      0.964     0.849     0.903       159
           Ђ      0.830     0.232     0.363       168
           е      0.987     0.875     0.927       168
           Е      0.780     0.882     0.828       169
           ж      0.917     0.878     0.897       164
           Ж      0.991     0.686     0.811       169
           з      0.895     0.868     0.881       167
           З      0.992     0.775     0.870       169
           и      0.971     0.792     0.872       168
           И      0.982     0.655     0.786       168
           ј      0.635     0.881     0.738       168
           Ј      0.973     0.862     0.914       167
           к      0.991     0.640     0.778       164
           К      0.881     0.833     0.856       168
           л      0.980     0.291     0.449       165
           Л      0.977     0.757     0.853       169
           љ      1.000     0.232     0.377       168
           Љ      0.676     0.595     0.633       168
           м      0.836     0.611     0.706       167
           М      0.673     0.871     0.759       170
           н      0.811     0.869     0.839       168
           Н      0.944     0.607     0.739       168
           њ      0.804     0.892     0.846       166
           Њ      0.918     0.671     0.775       167
           о      0.784     0.661     0.717       165
           О      0.814     0.683     0.743       167
           п      0.798     0.836     0.817       165
           П      0.921     0.688     0.788       170
           р      0.949     0.777     0.854       166
           Р      0.419     0.882     0.568       169
           с      0.788     0.879     0.831       165
           С      0.927     0.687     0.789       166
           т      0.570     0.855     0.684       166
           Т      0.481     0.831     0.609       166
           ћ      0.817     0.933     0.871       163
           Ћ      0.569     0.927     0.705       164
           у      0.815     0.856     0.835       160
           У      0.978     0.562     0.714       162
           ф      0.777     0.885     0.827       165
           Ф      1.000     0.673     0.805       156
           х      0.712     0.914     0.800       162
           Х      1.000     0.800     0.889       155
           ц      0.948     0.561     0.705       164
           Ц      0.751     0.887     0.814       160
           ч      0.677     0.644     0.660       163
           Ч      0.702     0.715     0.708       158
           џ      0.991     0.722     0.835       158
           Џ      0.688     0.920     0.787       163
           ш      0.867     0.646     0.740       161
           Ш      0.744     0.819     0.780       160

    accuracy                          0.736      9893
   macro avg      0.834     0.737     0.757      9893
weighted avg      0.834     0.736     0.756      9893
